5.071582000000000000e+06
8.438000000000000000e+03
7.272000000000000000e+03
1.388620000000000000e+05
2.420850000000000000e+05
1.851320000000000000e+05
1.434980000000000000e+05
3.252840000000000000e+05
1.583480000000000000e+05
1.837490000000000000e+05
2.851100000000000000e+05
1.705900000000000000e+05
3.388460000000000000e+05
2.544020000000000000e+05
3.235250000000000000e+05
1.951410000000000000e+05
2.339540000000000000e+05
2.497110000000000000e+05
2.324390000000000000e+05
2.252610000000000000e+05
2.291490000000000000e+05
1.727710000000000000e+05
1.758210000000000000e+05
2.956640000000000000e+05
2.298970000000000000e+05
2.878830000000000000e+05
2.943950000000000000e+05
3.881130000000000000e+05
3.113610000000000000e+05
4.905970000000000000e+05
4.650860000000000000e+05
4.107260000000000000e+05
5.006670000000000000e+05
7.173900000000000000e+05
7.040580000000000000e+05
8.056390000000000000e+05
7.432120000000000000e+05
1.097334000000000000e+06
1.130702000000000000e+06
1.022575000000000000e+06
