2.526680000000000000e+05
0.000000000000000000e+00
0.000000000000000000e+00
4.708400000000000000e+04
5.793700000000000000e+04
9.739500000000000000e+04
6.704000000000000000e+04
1.040880000000000000e+05
5.356700000000000000e+04
5.067000000000000000e+04
7.589200000000000000e+04
4.553500000000000000e+04
6.455100000000000000e+04
5.360300000000000000e+04
8.416900000000000000e+04
6.490700000000000000e+04
9.864500000000000000e+04
6.718800000000000000e+04
5.530900000000000000e+04
5.145600000000000000e+04
4.866600000000000000e+04
4.361900000000000000e+04
5.990600000000000000e+04
7.048500000000000000e+04
5.865700000000000000e+04
5.019500000000000000e+04
6.623000000000000000e+04
5.600800000000000000e+04
9.204700000000000000e+04
7.088300000000000000e+04
9.881500000000000000e+04
6.040900000000000000e+04
1.069940000000000000e+05
8.511400000000000000e+04
5.369600000000000000e+04
5.419600000000000000e+04
8.143200000000000000e+04
5.062100000000000000e+04
7.111400000000000000e+04
8.910400000000000000e+04
