6.545925000000000000e+06
1.055900000000000000e+04
9.384000000000000000e+03
1.837810000000000000e+05
3.092250000000000000e+05
2.539780000000000000e+05
1.955940000000000000e+05
4.265290000000000000e+05
2.226340000000000000e+05
2.509540000000000000e+05
3.806050000000000000e+05
2.315480000000000000e+05
4.359450000000000000e+05
3.377940000000000000e+05
4.242740000000000000e+05
2.596990000000000000e+05
3.096530000000000000e+05
3.277390000000000000e+05
3.157230000000000000e+05
3.082450000000000000e+05
3.066400000000000000e+05
2.417380000000000000e+05
2.503840000000000000e+05
4.265120000000000000e+05
3.218640000000000000e+05
3.922780000000000000e+05
3.966420000000000000e+05
4.982780000000000000e+05
3.990070000000000000e+05
6.418790000000000000e+05
6.073380000000000000e+05
5.666580000000000000e+05
6.855110000000000000e+05
9.822050000000000000e+05
9.516580000000000000e+05
1.083252000000000000e+06
9.877530000000000000e+05
1.429896000000000000e+06
1.463669000000000000e+06
1.319706000000000000e+06
